# chcmp day 1 livestream
3 3 3
3 10 48
3 20 22
3 28 10
3 37 28
3 46 29
3 55 18
4 3 25
4 11 11
4 18 54
4 27 9
4 35 21
4 43 52
4 52 21
4 59 54
5 8 2
5 16 26
5 25 13
5 33 3
5 40 56
5 49 24
5 56 16
6 5 19
6 14 28
6 21 30
6 29 12
6 36 20
6 44 11
6 52 4
6 59 17
7 9 42
7 17 8
7 25 8
7 33 20
7 43 11
7 50 28
7 57 39
# chcmp day 2 livestream
0 44 42
0 52 50
1 00 29
1 07 46
1 16 04
1 25 51
1 35 17
1 43 35
1 51 28
1 59 39
2 07 59
2 16 55
2 27 45
2 34 39
2 42 09
2 49 38
2 57 17
3 04 24
4 18 02
4 26 04
4 40 39
4 48 26
4 57 54
5 06 12
5 14 34
5 23 11
5 31 25
5 38 29
5 45 34
5 52 48
6 01 49
6 09 29
6 17 24
6 25 53
6 33 31
6 41 18
6 47 58
6 56 43
7 05 08
7 13 35
7 21 14
7 29 27
7 39 42
7 47 32
7 54 55
8 02 23
8 10 14
8 18 32
8 25 55
8 33 19
8 41 39
8 53 24
9 03 38
9 11 08
9 26 01

